50 1225
0 82 15 4 95 36 32 29 18 95 14 87 95 70 12 76 55 5 4 12 28 30 65 78 4 72 26 92 84 90 70 54 29 58 76 36 1 98 21 90 55 44 36 20 28 98 44 14 12 49
82 0 13 46 45 78 34 6 94 59 69 16 49 11 71 38 81 80 47 74 25 91 9 6 85 30 99 38 11 30 13 49 36 59 82 47 21 48 46 27 86 35 90 88 83 10 78 82 22 69
15 13 0 94 32 21 60 49 35 82 89 72 29 88 42 99 100 8 30 5 41 52 35 9 28 73 92 41 28 84 64 51 83 59 19 34 18 32 96 72 69 34 96 75 55 75 52 47 29 18
4 46 94 0 66 64 12 97 7 15 20 81 21 88 55 77 9 50 49 77 60 68 33 71 2 88 93 15 88 69 97 35 99 83 44 15 38 56 21 59 1 93 93 34 65 98 23 65 14 81
95 45 32 66 0 39 82 65 78 26 20 48 98 21 70 100 68 1 77 42 63 3 15 47 40 31 8 31 73 11 11 94 63 9 98 69 99 17 17 85 61 71 22 34 68 78 55 28 70 97
36 78 21 64 39 0 94 89 26 92 40 52 86 84 48 57 67 58 16 32 29 9 44 3 76 71 30 76 29 1 10 91 81 8 30 9 5 43 10 66 31 36 86 63 28 70 17 93 74 74
32 34 60 12 82 94 0 61 32 61 53 25 13 13 85 56 46 55 53 60 94 7 87 84 83 13 8 52 94 44 14 32 25 25 69 58 18 55 24 36 60 32 10 57 71 13 7 84 70 2
29 6 49 97 65 89 61 0 12 97 31 22 53 63 62 28 52 8 22 49 1 50 34 59 37 55 90 94 72 85 92 63 20 25 38 28 8 75 95 70 8 96 41 8 7 75 62 65 68 21
18 94 35 7 78 26 32 12 0 8 66 11 24 9 77 9 87 31 52 16 73 32 75 77 6 80 11 54 85 75 73 67 41 34 27 86 92 41 31 34 51 17 86 83 39 59 41 97 10 2
95 59 82 15 26 92 61 97 8 0 59 80 73 13 10 69 28 65 34 17 45 9 32 48 37 21 57 70 91 39 79 84 68 2 86 71 39 85 14 18 34 15 14 96 71 20 35 37 78 27
14 69 89 20 20 40 53 31 66 59 0 92 44 27 88 82 34 65 63 33 7 12 82 55 36 6 1 43 99 17 82 34 21 95 57 71 91 55 72 2 15 10 89 20 70 5 48 75 71 19
87 16 72 81 48 52 25 22 11 80 92 0 56 17 6 40 47 6 46 27 88 32 86 14 46 100 72 53 80 96 20 31 21 23 53 4 23 95 43 53 86 95 32 35 21 90 14 49 5 61
95 49 29 21 98 86 13 53 24 73 44 56 0 29 26 59 45 40 30 29 4 85 25 52 43 36 9 99 36 45 83 66 52 87 69 43 4 15 34 23 75 34 5 14 77 56 45 94 41 56
70 11 88 88 21 84 13 63 9 13 27 17 29 0 78 66 15 50 74 25 33 6 91 56 1 67 69 88 93 95 95 86 26 47 56 9 86 43 80 41 85 16 93 39 65 40 86 53 42 52
12 71 42 55 70 48 85 62 77 10 88 6 26 78 0 90 38 71 17 25 54 86 49 87 96 23 79 73 39 52 71 1 39 37 27 56 75 78 84 42 60 57 57 87 28 66 61 95 22 85
76 38 99 77 100 57 56 28 9 69 82 40 59 66 90 0 11 37 66 85 82 80 43 12 97 31 87 40 29 26 19 4 6 32 61 79 99 10 59 54 81 74 25 92 90 50 64 52 32 19
55 81 100 9 68 67 46 52 87 28 34 47 45 15 38 11 0 84 89 1 97 99 14 100 55 29 23 90 67 60 7 72 32 16 59 18 60 86 68 72 77 41 97 57 79 93 65 55 71 58
5 80 8 50 1 58 55 8 31 65 65 6 40 50 71 37 84 0 21 96 61 58 34 97 32 82 36 99 100 67 63 81 31 36 57 10 92 37 31 35 43 41 70 11 18 20 30 50 89 20
4 47 30 49 77 16 53 22 52 34 63 46 30 74 17 66 89 21 0 91 28 9 54 53 43 70 60 54 8 27 54 50 99 75 90 3 98 74 49 62 1 46 39 97 50 54 69 96 95 70
12 74 5 77 42 32 60 49 16 17 33 27 29 25 25 85 1 96 91 0 78 29 63 29 35 56 63 4 50 44 86 87 52 93 22 60 17 80 69 4 51 76 73 85 4 11 83 55 18 60
28 25 41 60 63 29 94 1 73 45 7 88 4 33 54 82 97 61 28 78 0 24 7 34 49 42 28 59 42 44 98 49 36 97 54 33 11 61 3 96 70 7 45 29 84 9 100 84 6 97
30 91 52 68 3 9 7 50 32 9 12 32 85 6 86 80 99 58 9 29 24 0 4 32 26 3 80 20 31 17 61 86 15 73 28 60 90 33 99 48 22 78 78 96 92 15 100 21 40 14
65 9 35 33 15 44 87 34 75 32 82 86 25 91 49 43 14 34 54 63 7 4 0 75 4 40 74 87 49 51 92 26 10 76 89 81 32 14 90 99 39 88 77 16 73 6 45 69 55 85
78 6 9 71 47 3 84 59 77 48 55 14 52 56 87 12 100 97 53 29 34 32 75 0 48 9 65 83 44 2 54 63 14 56 47 82 59 91 20 56 23 94 67 84 35 79 69 100 62 60
4 85 28 2 40 76 83 37 6 37 36 46 43 1 96 97 55 32 43 35 49 26 4 48 0 56 94 76 35 42 32 12 36 58 32 97 60 73 79 86 49 44 4 64 42 24 63 28 46 34
72 30 73 88 31 71 13 55 80 21 6 100 36 67 23 31 29 82 70 56 42 3 40 9 56 0 44 36 77 90 36 72 2 67 25 11 31 93 53 63 72 98 31 89 61 83 92 63 58 3
26 99 92 93 8 30 8 90 11 57 1 72 9 69 79 87 23 36 60 63 28 80 74 65 94 44 0 12 38 29 52 89 32 40 85 75 48 61 71 68 45 55 96 71 43 46 90 59 35 40
92 38 41 15 31 76 52 94 54 70 43 53 99 88 73 40 90 99 54 4 59 20 87 83 76 36 12 0 33 30 16 93 25 41 16 96 69 98 89 24 25 28 95 62 36 93 76 98 68 77
84 11 28 88 73 29 94 72 85 91 99 80 36 93 39 29 67 100 8 50 42 31 49 44 35 77 38 33 0 37 13 25 38 30 47 23 39 2 91 69 17 36 6 7 71 38 90 17 82 97
90 30 84 69 11 1 44 85 75 39 17 96 45 95 52 26 60 67 27 44 44 17 51 2 42 90 29 30 37 0 63 14 2 74 37 61 62 57 44 24 7 33 62 15 9 52 63 10 74 81
70 13 64 97 11 10 14 92 73 79 82 20 83 95 71 19 7 63 54 86 98 61 92 54 32 36 52 16 13 63 0 88 7 20 20 73 39 11 32 16 72 98 54 78 77 80 29 100 67 49
54 49 51 35 94 91 32 63 67 84 34 31 66 86 1 4 72 81 50 87 49 86 26 63 12 72 89 93 25 14 88 0 58 57 39 76 55 40 73 80 8 79 95 13 98 27 81 28 34 85
29 36 83 99 63 81 25 20 41 68 21 21 52 26 39 6 32 31 99 52 36 15 10 14 36 2 32 25 38 2 7 58 0 11 21 31 23 71 10 21 1 53 58 89 77 61 38 5 30 37
58 59 59 83 9 8 25 25 34 2 95 23 87 47 37 32 16 36 75 93 97 73 76 56 58 67 40 41 30 74 20 57 11 0 91 37 90 59 10 88 30 34 81 76 85 26 55 15 70 29
76 82 19 44 98 30 69 38 27 86 57 53 69 56 27 61 59 57 90 22 54 28 89 47 32 25 85 16 47 37 20 39 21 91 0 83 20 35 19 10 8 22 40 77 96 73 37 57 16 60
36 47 34 15 69 9 58 28 86 71 71 4 43 9 56 79 18 10 3 60 33 60 81 82 97 11 75 96 23 61 73 76 31 37 83 0 89 39 90 52 35 65 70 64 57 11 77 6 56 95
1 21 18 38 99 5 18 8 92 39 91 23 4 86 75 99 60 92 98 17 11 90 32 59 60 31 48 69 39 62 39 55 23 90 20 89 0 42 78 33 4 12 30 87 74 76 3 98 87 35
98 48 32 56 17 43 55 75 41 85 55 95 15 43 78 10 86 37 74 80 61 33 14 91 73 93 61 98 2 57 11 40 71 59 35 39 42 0 74 6 98 97 23 61 67 84 57 36 24 75
21 46 96 21 17 10 24 95 31 14 72 43 34 80 84 59 68 31 49 69 3 99 90 20 79 53 71 89 91 44 32 73 10 10 19 90 78 74 0 56 82 63 12 61 45 53 43 42 86 14
90 27 72 59 85 66 36 70 34 18 2 53 23 41 42 54 72 35 62 4 96 48 99 56 86 63 68 24 69 24 16 80 21 88 10 52 33 6 56 0 21 43 53 89 64 37 85 52 98 71
55 86 69 1 61 31 60 8 51 34 15 86 75 85 60 81 77 43 1 51 70 22 39 23 49 72 45 25 17 7 72 8 1 30 8 35 4 98 82 21 0 5 59 12 41 33 42 15 99 52
44 35 34 93 71 36 32 96 17 15 10 95 34 16 57 74 41 41 46 76 7 78 88 94 44 98 55 28 36 33 98 79 53 34 22 65 12 97 63 43 5 0 66 1 85 70 60 53 7 25
36 90 96 93 22 86 10 41 86 14 89 32 5 93 57 25 97 70 39 73 45 78 77 67 4 31 96 95 6 62 54 95 58 81 40 70 30 23 12 53 59 66 0 67 47 80 97 64 81 57
20 88 75 34 34 63 57 8 83 96 20 35 14 39 87 92 57 11 97 85 29 96 16 84 64 89 71 62 7 15 78 13 89 76 77 64 87 61 61 89 12 1 67 0 98 7 27 35 71 17
28 83 55 65 68 28 71 7 39 71 70 21 77 65 28 90 79 18 50 4 84 92 73 35 42 61 43 36 71 9 77 98 77 85 96 57 74 67 45 64 41 85 47 98 0 37 57 90 63 16
98 10 75 98 78 70 13 75 59 20 5 90 56 40 66 50 93 20 54 11 9 15 6 79 24 83 46 93 38 52 80 27 61 26 73 11 76 84 53 37 33 70 80 7 37 0 4 81 78 31
44 78 52 23 55 17 7 62 41 35 48 14 45 86 61 64 65 30 69 83 100 100 45 69 63 92 90 76 90 63 29 81 38 55 37 77 3 57 43 85 42 60 97 27 57 4 0 91 21 40
14 82 47 65 28 93 84 65 97 37 75 49 94 53 95 52 55 50 96 55 84 21 69 100 28 63 59 98 17 10 100 28 5 15 57 6 98 36 42 52 15 53 64 35 90 81 91 0 71 2
12 22 29 14 70 74 70 68 10 78 71 5 41 42 22 32 71 89 95 18 6 40 55 62 46 58 35 68 82 74 67 34 30 70 16 56 87 24 86 98 99 7 81 71 63 78 21 71 0 71
49 69 18 81 97 74 2 21 2 27 19 61 56 52 85 19 58 20 70 60 97 14 85 60 34 3 40 77 97 81 49 85 37 29 60 95 35 75 14 71 52 25 57 17 16 31 40 2 71 0